f7eeb49a
b74c3ce6
b828acb7
382b39d8
abb73ad0
3be2b925
3a8e3e47
3997b87c
3f5bb801
bf08bc68
b097b5a3
2ab9bdd3
be2b2074
bc893c81
bc86bd83
bc763742
b8e63ba5
3853c020
bb6cbef5
b8ee3709
b9dfbcea
3b02391b
390f416f
2ce8bd73
bee23e45
b3343583
3699b4ec
3d2da6e7
2dbd3d01
34d23b0b
3af13c17
b3b53aeb
00000000
00000000
00000000
00000000
00000000
00000000
00000000
00000000
00000000
00000000
00000000
00000000
00000000
00000000
00000000
00000000
00000000
00000000
00000000
00000000
00000000
00000000
00000000
00000000
00000000
00000000
00000000
00000000
00000000
00000000
00000000
00000000
00000000
00000000
00000000
00000000
00000000
00000000
00000000
00000000
00000000
00000000
00000000
00000000
00000000
00000000
00000000
00000000
00000000
00000000
00000000
00000000
00000000
00000000
00000000
00000000
00000000
00000000
00000000
00000000
00000000
00000000
00000000
00000000
00000000
00000000
00000000
00000000
00000000
00000000
00000000
00000000
00000000
00000000
00000000
00000000
00000000
00000000
00000000
00000000
00000000
00000000
00000000
00000000
00000000
00000000
00000000
00000000
00000000
00000000
00000000
00000000
00000000
00000000
00000000
00000000
00000000
00000000
00000000
00000000
00000000
00000000
00000000
00000000
00000000
00000000
00000000
00000000
00000000
00000000
00000000
00000000
00000000
00000000
00000000
00000000
00000000
00000000
00000000
00000000
00000000
00000000
00000000
00000000
00000000
00000000
00000000
00000000
00000000
00000000
00000000
00000000
00000000
00000000
00000000
00000000
00000000
00000000
00000000
00000000
00000000
00000000
00000000
00000000
00000000
00000000
00000000
00000000
00000000
00000000
00000000
00000000
00000000
00000000
00000000
00000000
00000000
00000000
00000000
00000000
00000000
00000000
00000000
00000000
00000000
00000000
00000000
00000000
00000000
00000000
00000000
00000000
00000000
00000000
00000000
00000000
00000000
00000000
00000000
00000000
00000000
00000000
00000000
00000000
00000000
00000000
00000000
00000000
00000000
00000000
00000000
00000000
00000000
00000000
00000000
00000000
00000000
00000000
00000000
00000000
00000000
00000000
00000000
00000000
00000000
00000000
00000000
00000000
00000000
00000000
00000000
00000000
00000000
00000000
00000000
00000000
00000000
00000000
00000000
00000000
00000000
00000000
00000000
00000000
90000000
90001000
00004197
80818193
02000e93
0d0efed7
00002eb7
300eaef3
00000e93
80502373
806023f3
40000e13
03c30333
00730133
00000213
80102f73
40000e13
03cf0f33
01e38433
00003517
fc450513
00003617
fbc60613
00c50863
00052023
00450513
fec56ce3
803022f3
0002a303
0042a503
0302a383
0342ae03
00003e97
f88e8e93
00003f17
f84f0f13
007ea023
01cf2023
00000f97
018f8f93
305f9073
000300e7
0000400b
0040006f
00100313
00001297
f5428293
0062a023
00810113
20040413
fe112c23
fea12e23
5e004057
044000ef
5e0040d7
0400c00b
00000317
0243305b
00009e5b
ffc12283
0002a283
e0040313
01000393
5e034057
04728042
0000205b
ff812083
ff810113
e0040413
00008067
00410113
fe112e23
00200293
5e02c0d7
00000317
04c3305b
0200885b
00100293
5e02c0d7
00000317
0383305b
0200825b
5e0040d7
00000317
0283305b
00009e5b
02c000ef
0180006f
0ac000ef
0100006f
04c000ef
0080006f
5e004057
0000205b
ffc12083
ffc10113
00008067
00410113
fe112e23
80302573
00852283
80002373
5208a157
02234057
01852e03
8a0e6057
ffc12083
ffc10113
00008067
00410113
fe112e23
80302573
00852283
80002373
5208a157
02234057
01852e03
01c52e83
03ce8f33
8a0f6057
820e6057
5e0ec0d7
00000317
0143305b
0000c65b
fff00f13
021f4057
0000205b
ffc12083
ffc10113
00008067
00410113
fe112e23
80302573
80002373
5208a157
02234057
01852e03
01c52e83
02052f03
03ce8eb3
820ee057
5e0f40d7
00000317
0143305b
0000c65b
fff00f13
021f4057
0000205b
ffc12083
ffc10113
00008067
800000b8
90002000
00000001
00000080
00000001
00000001
00000080
00000001
00000001
00000000
00000000
00000000
00000000
00000000
00000000
00000000
